0,5
0.002208,5
0.00442,5
0.006628,5
0.00884,5
0.011048,5
0.01326,5
0.015468,5
0.01768,5
0.019888,5
0.0221,5
0.024308,5
0.02652,5
0.028728,5
0.03094,5
0.033756,5
0.036136,5
0.038516,5
0.040896,5
0.043276,5
0.045656,5
0.048036,5
0.050416,5
0.052796,4.9951
0.055176,5
0.057556,5
0.059936,5
0.062316,5
0.064696,5
0.067076,5
0.069456,5
0.071836,5
0.074216,5
0.076596,5
0.078976,5
0.081356,5
0.083736,5
0.086116,5
0.088496,5
0.090876,5
0.093256,5
0.095636,5
0.098016,5
0.1004,5
0.10278,5
0.10516,5
0.10754,5
0.10992,5
0.1123,5
0.11468,5
0.11706,5
0.11944,5
0.12182,5
0.1242,5
0.12658,5
0.12896,5
0.13134,5
0.13372,5
0.1361,5
0.13848,5
0.14086,5
0.14324,5
0.14562,5
0.148,5
0.15038,5
0.15276,5
0.15514,5
0.15752,5
0.1599,5
0.16228,5
0.16466,5
0.16704,5
0.16942,5
0.1718,5
0.17418,5
0.17656,5
0.17894,5
0.18132,5
0.1837,5
0.18608,5
0.18846,5
0.19084,5
0.19322,5
0.1956,5
0.19798,5
0.20036,5
0.20274,5
0.20512,5
0.2075,5
0.20988,5
0.21226,5
0.21464,5
0.21702,5
0.2194,5
0.22178,5
0.22416,5
0.22654,5
0.22892,5
0.2313,5
0.23368,5
0.23606,5
0.23844,5
0.24082,5
0.2432,5
0.24558,5
0.24796,5
0.25034,5
0.25272,5
0.2551,5
0.25748,5
0.25986,5
0.26224,5
0.26462,5
0.267,5
0.26938,5
0.27176,5
0.27414,5
0.27652,5
0.2789,5
0.28128,5
0.28366,5
0.28604,5
0.28842,5
0.2908,5
0.29318,5
0.29556,5
0.29794,5
0.30032,5
0.3027,5
0.30508,5
0.30746,5
0.30984,5
0.31222,5
0.3146,5
0.31698,5
0.31936,5
0.32174,5
0.32412,5
0.3265,5
0.32888,5
0.33126,5
0.33364,5
0.33602,5
0.3384,5
0.34078,5
0.34316,5
0.34554,5
0.34792,5
0.3503,5
0.35268,5
0.35506,5
0.35744,5
0.35982,5
0.3622,5
0.36458,5
0.36696,5
0.36934,5
0.37172,5
0.3741,5
0.37648,5
0.37886,5
0.38124,5
0.38362,5
0.386,5
0.38838,5
0.39076,5
0.39314,5
0.39552,5
0.3979,5
0.40028,5
0.40266,5
0.40504,5
0.40742,5
0.4098,5
0.41218,5
0.41456,5
0.41694,5
0.41932,5
0.4217,5
0.42408,5
0.42646,5
0.42884,5
0.43122,5
0.4336,5
0.43598,5
0.43836,5
0.44074,5
0.44312,5
0.4455,5
0.44788,5
0.45026,5
0.45264,5
0.45502,5
0.4574,5
0.45978,5
0.46216,5
0.46454,5
0.46692,5
0.4693,5
0.47168,5
0.47406,5
0.47644,5
0.47882,5
0.4812,5
0.48358,5
0.48596,5
0.48834,5
0.49072,5
0.4931,5
0.49548,5
0.49786,5
0.50024,5
0.50262,5
0.505,5
0.50738,5
0.50976,5
0.51214,5
0.51452,5
0.5169,5
0.51928,5
0.52166,5
0.52404,5
0.52642,5
0.5288,5
0.53118,5
0.53356,5
0.53594,5
0.53832,5
0.5407,5
0.54308,5
0.54546,5
0.54784,5
0.55022,5
0.5526,5
0.55498,5
0.55736,5
0.55974,5
0.56212,5
0.5645,5
0.56688,5
0.56926,5
0.57164,5
0.57402,5
0.5764,5
0.57878,5
0.58116,5
0.58354,5
0.58592,5
0.5883,5
0.59068,5
0.59306,5
0.59544,5
0.59782,5
0.6002,5
0.60258,5
0.60496,5
0.60734,5
0.60972,5
0.6121,5
0.61448,5
0.61686,5
0.61924,5
0.62162,5
0.624,5
0.62638,5
0.62876,5
0.63114,5
0.63352,5
0.6359,5
0.63828,5
0.64066,5
0.64304,5
0.64542,5
0.6478,5
0.65018,5
0.65256,5
0.65494,5
0.65732,5
0.6597,5
0.66208,5
0.66446,5
0.66684,5
0.66922,5
0.6716,5
0.67398,5
0.67636,5
0.67874,5
0.68112,5
0.6835,4.9951
0.68588,5
0.68826,5
0.69064,5
0.69302,5
0.6954,5
0.69778,5
0.70016,5
0.70254,4.9951
0.70492,5
0.7073,5
0.70968,5
0.71206,5
0.71444,5
0.71682,5
0.7192,5
0.72158,5
0.72396,5
0.72634,5
0.72872,5
0.7311,5
0.73348,5
0.73586,5
0.73824,5
0.74062,5
0.743,5
0.74538,5
0.74776,5
0.75014,5
0.75252,5
0.7549,5
0.75728,5
0.75966,5
0.76204,5
0.76442,5
0.7668,5
0.76918,5
0.77156,5
0.77394,5
0.77632,5
0.7787,5
0.78108,5
0.78346,5
0.78584,5
0.78822,5
0.7906,5
0.79298,5
0.79536,5
0.79774,5
0.80012,5
0.8025,5
0.80488,5
0.80726,5
0.80964,5
0.81202,5
0.8144,5
0.81678,5
0.81916,5
0.82154,5
0.82392,5
0.8263,5
0.82868,5
0.83106,5
0.83344,5
0.83582,5
0.8382,5
0.84058,5
0.84296,5
0.84534,5
0.84772,5
0.8501,5
0.85248,5
0.85486,5
0.85724,5
0.85962,5
0.862,5
0.86438,5
0.86676,5
0.86914,5
0.87152,5
0.8739,5
0.87628,5
0.87866,5
0.88104,5
0.88342,5
0.8858,5
0.88818,5
0.89056,5
0.89294,5
0.89532,5
0.8977,5
0.90008,5
0.90246,5
0.90484,5
0.90722,5
0.9096,5
0.91198,5
0.91436,5
0.91674,5
0.91912,5
0.9215,5
0.92388,5
0.92626,5
0.92864,5
0.93102,5
0.93404,4.5259
0.93642,4.521
0.9388,4.521
0.94118,4.521
0.94356,4.5259
0.94594,4.521
0.94832,4.5259
0.9507,4.521
0.95308,4.521
0.95546,4.521
0.95784,4.5259
0.96022,4.521
0.9626,4.5259
0.96498,4.521
0.96736,4.521
0.96974,4.521
0.97212,4.5259
0.9745,4.521
0.97688,4.5259
0.97926,4.5259
0.98164,4.521
0.98402,4.521
0.9864,4.5259
0.98878,4.521
0.99116,4.521
0.99354,4.521
0.99592,4.5259
0.9983,4.521
1.0007,4.5259
1.0031,4.521
1.0054,4.5259
1.0078,4.521
1.0102,4.5259
1.0126,4.521
1.015,4.521
1.0173,4.521
1.0197,4.5259
1.0221,4.5259
1.0245,4.5259
1.0269,4.521
1.0292,4.5259
1.0316,4.521
1.034,4.521
1.0364,4.5259
1.0388,4.521
1.0411,4.5259
1.0435,4.5259
1.0459,4.521
1.0483,4.5259
1.0507,4.5259
1.053,4.521
1.0554,4.521
1.0578,4.5259
1.0602,4.521
1.0626,4.5259
1.0649,4.521
1.0673,4.5259
1.0697,4.521
1.0721,4.521
1.0745,4.5259
1.0768,4.5259
1.0792,4.521
1.0816,4.521
1.084,4.521
1.0864,4.5259
1.0887,4.521
1.0911,4.5259
1.0935,4.521
1.0959,4.5259
1.0983,4.521
1.1006,4.521
1.103,4.521
1.1054,4.521
1.1078,4.521
1.1102,4.5259
1.1125,4.521
1.1149,4.5259
1.1173,4.521
1.1197,4.5259
1.1221,4.521
1.1244,4.521
1.1268,4.521
1.1292,4.521
1.1316,4.521
1.134,4.5259
1.1363,4.5259
1.1387,4.5259
1.1411,4.5259
1.1435,4.521
1.1459,4.5259
1.1482,4.521
1.1506,4.521
1.153,4.5259
1.1554,4.521
1.1578,4.5259
1.1601,4.521
1.1625,4.5259
1.1649,4.5259
1.1673,4.521
1.1697,4.521
1.172,4.521
1.1744,4.521
1.1768,4.521
1.1792,4.521
1.1816,4.5259
1.1839,4.521
1.1863,4.521
1.1887,4.521
1.1911,4.521
1.1935,4.521
1.1958,4.5259
1.1982,4.521
1.2006,4.521
1.203,4.521
1.2054,4.5259
1.2077,4.521
1.2101,4.521
1.2125,4.521
1.2149,4.5259
1.2173,4.521
1.2196,4.521
1.222,4.521
1.2244,4.521
1.2268,4.521
1.2292,4.5259
1.2315,4.521
1.2339,4.5259
1.2363,4.521
1.2387,4.521
1.2411,4.5259
1.2434,4.5259
1.2458,4.521
1.2482,4.5259
1.2506,4.521
1.253,4.5161
1.2553,4.5259
1.2577,4.521
1.2601,4.5259
1.2625,4.5259
1.2649,4.521
1.2672,4.5259
1.2696,4.521
1.272,4.5259
1.2744,4.521
1.2768,4.5259
1.2791,4.521
1.2815,4.5259
1.2839,4.521
1.2863,4.5259
1.2887,4.5259
1.291,4.521
1.2934,4.521
1.2958,4.5259
1.2982,4.521
1.3006,4.521
1.3029,4.521
1.3053,4.5259
1.3077,4.521
1.3101,4.521
1.3125,4.521
1.3148,4.521
1.3172,4.5259
1.3196,4.521
1.322,4.521
1.3244,4.5259
1.3267,4.521
1.3291,4.521
1.3315,4.521
1.3339,4.521
1.3363,4.521
1.3386,4.5259
1.341,4.5259
1.3434,4.5259
1.3458,4.5259
1.3482,4.5259
1.3505,4.521
1.3529,4.5259
1.3553,4.521
1.3577,4.5259
1.3601,4.521
1.3624,4.521
1.3648,4.5259
1.3672,4.5259
1.3696,4.521
1.372,4.5259
1.3743,4.521
1.3767,4.5259
1.3791,4.521
1.3815,4.5259
1.3839,4.521
1.3862,4.5259
1.3886,4.521
1.391,4.521
1.3934,4.521
1.3958,4.5259
1.3981,4.521
1.4005,4.5259
1.4029,4.521
1.4053,4.521
1.4077,4.521
1.41,4.5259
1.4124,4.5259
1.4148,4.5259
1.4172,4.521
1.4196,4.5259
1.4219,4.521
1.4243,4.521
1.4267,4.521
1.4291,4.5161
1.4315,4.521
1.4339,4.5259
1.4362,4.521
1.4386,4.5259
1.441,4.521
1.4434,4.5259
1.4457,4.521
1.4481,4.521
1.4505,4.521
1.4529,4.5259
1.4553,4.521
1.4576,4.521
1.46,4.521
1.4624,4.521
1.4648,4.521
1.4672,4.5259
1.4695,4.521
1.4719,4.5259
1.4743,4.521
1.4767,4.521
1.4791,4.521
1.4814,4.5259
1.4838,4.521
1.4862,4.521
1.4886,4.521
1.491,4.521
1.4933,4.5259
1.4957,4.521
1.4981,4.521
1.5005,4.521
1.5029,4.521
1.5052,4.5259
1.5076,4.521
1.51,4.521
1.5124,4.521
1.5148,4.5259
1.5171,4.521
1.5195,4.521
1.5219,4.521
1.5243,4.5259
1.5267,4.521
1.529,4.521
1.5314,4.521
1.5338,4.5259
1.5362,4.521
1.5386,4.5259
1.5409,4.521
1.5433,4.521
1.5457,4.5259
1.5481,4.521
1.5505,4.5161
1.5528,4.5259
1.5552,4.521
1.5576,4.5259
1.56,4.521
1.5624,4.521
1.5647,4.521
1.5671,4.5259
1.5695,4.521
1.5719,4.5259
1.5743,4.521
1.5766,4.5259
1.579,4.521
1.5814,4.521
1.5838,4.521
1.5862,4.521
1.5885,4.5259
1.5909,4.521
1.5933,4.5259
1.5957,4.521
1.5981,4.521
1.6004,4.5259
1.6028,4.5259
1.6052,4.521
1.6076,4.5259
1.61,4.521
1.6123,4.521
1.6147,4.521
1.6171,4.5259
1.6195,4.5259
1.6219,4.5259
1.6242,4.5259
1.6266,4.5259
1.629,4.5259
1.6314,4.521
1.6338,4.5259
1.6361,4.5259
1.6385,4.5259
1.6409,4.5259
1.6433,4.5259
1.6457,4.5259
1.648,4.5259
1.6504,4.521
1.6528,4.5308
1.6552,4.5259
1.6576,4.5259
1.6599,4.5308
1.6623,4.5308
1.6647,4.5308
1.6671,4.5308
1.6695,4.5308
1.6718,4.5308
1.6742,4.5357
1.6766,4.5308
1.679,4.5357
1.6814,4.5357
1.6837,4.5357
1.6861,4.5357
1.6885,4.5357
1.6909,4.5406
1.6933,4.5406
1.6956,4.5406
1.698,4.5406
1.7004,4.5406
1.7028,4.5406
1.7052,4.5357
1.7075,4.5406
1.7099,4.5406
1.7123,4.5406
1.7147,4.5455
1.7171,4.5406
1.7194,4.5406
1.7218,4.5406
1.7242,4.5455
1.7266,4.5455
1.729,4.5455
1.7313,4.5455
1.7337,4.5455
1.7361,4.5455
1.7385,4.5455
1.7409,4.5455
1.7432,4.5455
1.7456,4.5455
1.748,4.5455
1.7504,4.5503
1.7528,4.5455
1.7551,4.5503
1.7575,4.5503
1.7599,4.5503
1.7623,4.5503
1.7647,4.5455
1.767,4.5503
1.7694,4.5503
1.7718,4.5503
1.7742,4.5503
1.7766,4.5503
1.7789,4.5503
1.7813,4.5503
1.7837,4.5552
1.7861,4.5552
1.7885,4.5503
1.7908,4.5552
1.7932,4.5552
1.7956,4.5552
1.798,4.5552
1.8004,4.5552
1.8027,4.5552
1.8051,4.5552
1.8075,4.5552
1.8099,4.5552
1.8123,4.5601
1.8146,4.5601
1.817,4.5601
1.8194,4.5552
1.8218,4.5601
1.8242,4.5552
1.8265,4.5552
1.8289,4.5601
1.8313,4.5601
1.8337,4.5601
1.8361,4.5601
1.8384,4.5601
1.8408,4.5552
1.8432,4.5601
1.8456,4.5601
1.848,4.5601
1.8503,4.5601
1.8527,4.5601
1.8551,4.5601
1.8575,4.5601
1.8599,4.565
1.8622,4.565
1.8646,4.5601
1.867,4.565
1.8694,4.565
1.8718,4.565
1.8741,4.5601
1.8765,4.565
1.8789,4.565
1.8813,4.565
1.8837,4.5601
1.886,4.565
1.8884,4.565
1.8908,4.565
1.8932,4.565
1.8956,4.5699
1.8979,4.565
1.9003,4.565
1.9027,4.565
1.9051,4.5699
1.9075,4.565
1.9098,4.565
1.9122,4.565
1.9146,4.565
1.917,4.565
1.9194,4.565
1.9217,4.565
1.9241,4.5699
1.9265,4.5699
1.9289,4.565
1.9313,4.5699
1.9336,4.5699
1.936,4.565
1.9384,4.565
1.9408,4.5699
1.9432,4.5699
1.9455,4.5699
1.9479,4.5699
1.9503,4.5699
1.9527,4.5699
1.9551,4.5699
1.9574,4.5699
1.9598,4.5699
1.9622,4.5699
1.9646,4.5699
1.967,4.565
1.9693,4.5699
1.9717,4.565
1.9741,4.5699
1.9765,4.5699
1.9789,4.5699
1.9812,4.5699
1.9836,4.5748
1.986,4.5699
1.9884,4.5748
1.9908,4.5699
1.9931,4.5699
1.9955,4.5748
1.9979,4.5748
2.0003,4.5699
2.0027,4.5748
2.005,4.5748
2.0074,4.5699
2.0098,4.5748
2.0122,4.5699
2.0146,4.5748
2.0169,4.5748
2.0193,4.5748
2.0217,4.5748
2.0241,4.5748
2.0265,4.5748
2.0288,4.5748
2.0312,4.5748
2.0336,4.5699
2.036,4.5748
2.0384,4.5748
2.0407,4.5748
2.0431,4.5748
2.0455,4.5797
2.0479,4.5748
2.0503,4.5797
2.0526,4.5748
2.055,4.5748
2.0574,4.5748
2.0598,4.5748
2.0622,4.5797
2.0645,4.5748
2.0669,4.5797
2.0693,4.5797
2.0717,4.5748
2.0741,4.5797
2.0764,4.5797
2.0788,4.5797
2.0812,4.5797
2.0836,4.5797
2.086,4.5846
2.0883,4.5797
2.0907,4.5797
2.0931,4.5797
2.0955,4.5797
2.0979,4.5894
2.1002,4.5846
2.1026,4.5846
2.105,4.5846
2.1074,4.5846
2.1098,4.5894
2.1121,4.5894
2.1145,4.5846
2.1169,4.5846
2.1193,4.5894
2.1217,4.5894
2.124,4.5894
2.1264,4.5894
2.1288,4.5894
2.1312,4.5943
2.1336,4.5943
2.1359,4.5943
2.1383,4.5894
2.1407,4.5943
2.1431,4.5943
2.1455,4.5943
2.1478,4.5943
2.1502,4.5992
2.1526,4.5992
2.155,4.5992
2.1574,4.5992
2.1597,4.5992
2.1621,4.5992
2.1645,4.5992
2.1669,4.5992
2.1693,4.6041
2.1716,4.6041
2.174,4.5992
2.1764,4.6041
2.1788,4.6041
2.1812,4.6041
2.1835,4.6041
2.1859,4.6041
2.1883,4.6041
2.1907,4.609
2.1931,4.6041
2.1954,4.609
2.1978,4.609
2.2002,4.609
2.2026,4.609
2.205,4.609
2.2073,4.6041
2.2097,4.609
2.2121,4.609
2.2145,4.609
2.2169,4.6041
2.2192,4.609
2.2216,4.609
2.224,4.609
2.2264,4.6041
2.2288,4.609
2.2311,4.609
2.2335,4.609
2.2359,4.6041
2.2383,4.609
2.2407,4.609
2.243,4.609
2.2454,4.609
2.2478,4.609
2.2502,4.609
2.2526,4.6041
2.2549,4.609
2.2573,4.609
2.2597,4.609
2.2621,4.6041
2.2645,4.609
2.2668,4.609
2.2692,4.6041
2.2716,4.609
2.274,4.609
2.2764,4.609
2.2787,4.609
2.2811,4.609
2.2835,4.609
2.2859,4.609
2.2883,4.6041
2.2906,4.609
2.293,4.609
2.2954,4.6041
2.2978,4.609
2.3002,4.609
2.3025,4.609
2.3049,4.609
2.3073,4.6041
2.3097,4.6041
2.3121,4.609
2.3144,4.609
2.3168,4.609
2.3192,4.609
2.3216,4.609
2.324,4.6041
2.3263,4.609
2.3287,4.6041
2.3311,4.609
2.3335,4.6041
2.3359,4.609
2.3382,4.6041
2.3406,4.609
2.343,4.6041
2.3454,4.609
2.3478,4.609
2.3501,4.609
2.3525,4.609
2.3549,4.609
2.3573,4.609
2.3597,4.609
2.362,4.609
2.3644,4.609
2.3668,4.609
2.3692,4.609
2.3716,4.609
2.3739,4.609
2.3763,4.609
2.3787,4.609
2.3811,4.6041
2.3835,4.6041
2.3858,4.609
2.3882,4.609
2.3906,4.609
2.393,4.609
2.3954,4.6041
2.3977,4.609
2.4001,4.609
2.4025,4.609
2.4049,4.6041
2.4073,4.609
2.4096,4.6041
2.412,4.609
2.4144,4.6041
2.4168,4.6139
2.4192,4.609
2.4215,4.609
2.4239,4.609
2.4263,4.609
2.4287,4.6041
2.4311,4.609
2.4334,4.609
2.4358,4.609
2.4382,4.609
2.4406,4.609
2.443,4.609
2.4453,4.609
2.4477,4.609
2.4501,4.609
2.4525,4.6041
2.4549,4.609
2.4572,4.609
2.4596,4.609
2.462,4.609
2.4644,4.609
2.4668,4.609
2.4691,4.609
2.4715,4.6041
2.4739,4.609
2.4763,4.609
2.4787,4.6041
2.481,4.6041
2.4834,4.609
2.4858,4.609
2.4882,4.609
2.4906,4.6041
2.4929,4.609
2.4953,4.6041
2.4977,4.6041
2.5001,4.609
2.5025,4.6041
2.5048,4.6041
2.5072,4.609
2.5096,4.609
2.512,4.609
2.5144,4.609
2.5167,4.6041
2.5191,4.6041
2.5215,4.609
2.5239,4.609
2.5263,4.609
2.5286,4.6041
2.531,4.609
2.5334,4.6041
2.5358,4.609
2.5382,4.609
2.5405,4.609
2.5429,4.609
2.5453,4.609
2.5477,4.6041
2.5501,4.609
2.5524,4.6041
2.5548,4.609
2.5572,4.609
2.5596,4.609
2.562,4.6041
2.5644,4.609
2.5667,4.609
2.5691,4.609
2.5715,4.609
2.5739,4.609
2.5762,4.609
2.5786,4.609
2.581,4.609
2.5834,4.6041
2.5858,4.609
2.5881,4.609
2.5905,4.6041
2.5929,4.609
2.5953,4.609
2.5977,4.609
2.6,4.609
2.6024,4.609
2.6048,4.6041
2.6072,4.609
2.6096,4.609
2.6119,4.609
2.6143,4.609
2.6167,4.6041
2.6191,4.6041
2.6215,4.609
2.6238,4.609
2.6262,4.609
2.6286,4.6041
2.631,4.609
2.6334,4.609
2.6357,4.609
2.6381,4.609
2.6405,4.609
2.6429,4.609
2.6453,4.6041
2.6476,4.609
2.65,4.6041
2.6524,4.609
2.6548,4.609
2.6572,4.609
2.6595,4.609
2.6619,4.609
2.6643,4.609
2.6667,4.609
2.6691,4.609
2.6714,4.609
2.6738,4.609
2.6762,4.609
2.6786,4.609
2.681,4.609
2.6833,4.609
2.6857,4.609
2.6881,4.6139
2.6905,4.609
2.6929,4.6139
2.6952,4.609
2.6976,4.6139
2.7,4.6139
2.7024,4.6139
2.7048,4.609
2.7071,4.6139
2.7095,4.6139
2.7119,4.6139
2.7143,4.6188
2.7167,4.6139
2.719,4.6188
2.7214,4.6188
2.7238,4.6188
2.7262,4.6188
2.7286,4.6188
2.7309,4.6188
2.7333,4.6188
2.7357,4.6237
2.7381,4.6237
2.7405,4.6188
2.7428,4.6237
2.7452,4.6237
2.7476,4.6237
2.75,4.6237
2.7524,4.6237
2.7547,4.6237
2.7571,4.6237
2.7595,4.6237
2.7619,4.6237
2.7643,4.6285
2.7666,4.6285
2.769,4.6285
2.7714,4.6285
2.7738,4.6285
2.7762,4.6285
2.7785,4.6285
2.7809,4.6285
2.7833,4.6334
2.7857,4.6285
2.7881,4.6334
2.7904,4.6334
2.7928,4.6334
2.7952,4.6334
2.7976,4.6334
2.8,4.6285
2.8023,4.6334
2.8047,4.6334
2.8071,4.6383
2.8095,4.6334
2.8119,4.6383
2.8142,4.6334
2.8166,4.6334
2.819,4.6383
2.8214,4.6383
2.8238,4.6383
2.8261,4.6383
2.8285,4.6383
2.8309,4.6383
2.8333,4.6383
2.8357,4.6383
2.838,4.6383
2.8404,4.6383
2.8428,4.6383
2.8452,4.6383
2.8476,4.6383
2.8499,4.6383
2.8523,4.6383
2.8547,4.6334
2.8571,4.6432
2.8595,4.6383
2.8618,4.6383
2.8642,4.6383
2.8666,4.6383
2.869,4.6383
2.8714,4.6383
2.8737,4.6383
2.8761,4.6383
2.8785,4.6383
2.8809,4.6432
2.8833,4.6383
2.8856,4.6432
2.888,4.6432
2.8904,4.6432
2.8928,4.6432
2.8952,4.6432
2.8975,4.6432
2.8999,4.6383
2.9023,4.6432
2.9047,4.6432
2.9071,4.6481
2.9094,4.6432
2.9118,4.6432
2.9142,4.6432
2.9166,4.6432
2.919,4.6481
2.9213,4.6432
2.9237,4.6432
2.9261,4.6481
2.9285,4.6481
2.9309,4.6481
2.9332,4.6481
2.9356,4.6481
2.938,4.6481
2.9404,4.6481
2.9428,4.6432
2.9451,4.6481
2.9475,4.6481
2.9499,4.6481
2.9523,4.6481
2.9547,4.6481
2.957,4.653
2.9594,4.6481
2.9618,4.6481
2.9642,4.6481
2.9666,4.6481
2.9689,4.6432
2.9713,4.6481
2.9737,4.6481
2.9761,4.653
2.9785,4.6481
2.9808,4.6481
2.9832,4.6481
2.9856,4.6481
2.988,4.6481
2.9904,4.653
2.9927,4.6481
2.9951,4.653
2.9975,4.6481
2.9999,4.653
3.0023,4.653
3.0046,4.653
3.007,4.653
3.0094,4.653
3.0118,4.6481
3.0142,4.653
3.0165,4.653
3.0189,4.653
3.0213,4.6579
3.0237,4.653
3.0261,4.653
3.0284,4.653
3.0308,4.653
3.0332,4.6579
3.0356,4.653
3.038,4.653
3.0403,4.6579
3.0427,4.6579
3.0451,4.653
3.0475,4.6579
3.0499,4.653
3.0522,4.6579
3.0546,4.653
3.057,4.6579
3.0594,4.653
3.0618,4.653
3.0641,4.653
3.0665,4.653
3.0689,4.653
3.0713,4.6579
3.0737,4.653
3.076,4.6579
3.0784,4.6579
3.0808,4.653
3.0832,4.6579
3.0856,4.6579
3.0879,4.6579
3.0903,4.6579
3.0927,4.653
3.0951,4.6579
3.0975,4.6579
3.0998,4.6628
3.1022,4.6579
3.1046,4.6579
3.107,4.6579
3.1094,4.6579
3.1117,4.6579
3.1141,4.6628
3.1165,4.6628
3.1189,4.6628
3.1213,4.6628
3.1236,4.6628
3.126,4.6628
3.1284,4.6628
3.1308,4.6579
3.1332,4.6628
3.1355,4.6628
3.1379,4.6628
3.1403,4.6628
3.1427,4.6628
3.1451,4.6628
3.1474,4.6676
3.1498,4.6628
3.1522,4.6628
3.1546,4.6628
3.157,4.6676
3.1593,4.6628
3.1617,4.6676
3.1641,4.6628
3.1665,4.6628
3.1689,4.6628
3.1712,4.6676
3.1736,4.6628
3.176,4.6676
3.1784,4.6628
3.1808,4.6676
3.1831,4.6676
3.1855,4.6676
3.1879,4.6676
3.1903,4.6676
3.1927,4.6676
3.195,4.6676
3.1974,4.6676
3.1998,4.6676
3.2022,4.6676
3.2046,4.6676
3.2069,4.6676
3.2093,4.6676
3.2117,4.6676
3.2141,4.6676
3.2165,4.6676
3.2188,4.6725
3.2212,4.6676
3.2236,4.6676
3.226,4.6676
3.2284,4.6676
3.2307,4.6676
3.2331,4.6676
3.2355,4.6676
3.2379,4.6676
3.2403,4.6725
3.2426,4.6676
3.245,4.6725
3.2474,4.6725
3.2498,4.6725
3.2522,4.6725
3.2545,4.6725
3.2569,4.6725
3.2593,4.6774
3.2617,4.6725
3.2641,4.6725
3.2664,4.6725
3.2688,4.6725
3.2712,4.6774
3.2736,4.6725
3.276,4.6725
3.2783,4.6725
3.2807,4.6774
3.2831,4.6725
3.2855,4.6725
3.2879,4.6774
3.2902,4.6774
3.2926,4.6774
3.295,4.6725
3.2974,4.6774
3.2998,4.6774
3.3021,4.6774
3.3045,4.6774
3.3069,4.6774
3.3093,4.6774
3.3117,4.6774
3.314,4.6774
3.3164,4.6774
3.3188,4.6774
3.3212,4.6774
3.3236,4.6774
3.3259,4.6823
3.3283,4.6774
3.3307,4.6774
3.3331,4.6774
3.3355,4.6774
3.3378,4.6823
3.3402,4.6774
3.3426,4.6774
3.345,4.6774
3.3474,4.6823
3.3497,4.6823
3.3521,4.6774
3.3545,4.6774
3.3569,4.6823
3.3593,4.6774
3.3616,4.6823
3.364,4.6774
3.3664,4.6774
3.3688,4.6774
3.3712,4.6823
3.3735,4.6774
3.3759,4.6823
3.3783,4.6774
3.3807,4.6774
3.3831,4.6823
3.3854,4.6823
3.3878,4.6823
3.3902,4.6823
3.3926,4.6823
3.395,4.6823
3.3973,4.6823
3.3997,4.6823
3.4021,4.6872
3.4045,4.6774
3.4069,4.6823
3.4092,4.6872
3.4116,4.6823
3.414,4.6823
3.4164,4.6823
3.4188,4.6823
3.4211,4.6823
3.4235,4.6823
3.4259,4.6872
3.4283,4.6823
3.4307,4.6823
3.433,4.6872
3.4354,4.6823
3.4378,4.6872
3.4402,4.6872
3.4426,4.6823
3.4449,4.6823
3.4473,4.6823
3.4497,4.6823
3.4521,4.6872
3.4545,4.6823
3.4568,4.6872
3.4592,4.6823
3.4616,4.6872
3.464,4.6823
3.4664,4.6823
3.4687,4.6823
3.4711,4.6872
3.4735,4.6872
3.4759,4.6872
3.4783,4.6872
3.4806,4.6872
3.483,4.6872
3.4854,4.6872
3.4878,4.6872
3.4902,4.6872
3.4925,4.6872
3.4949,4.6872
3.4973,4.6872
3.4997,4.6872
3.5021,4.6872
3.5044,4.6872
3.5068,4.6872
3.5092,4.6872
3.5116,4.6872
3.514,4.6872
3.5163,4.6872
3.5187,4.6872
3.5211,4.6872
3.5235,4.6872
3.5259,4.6872
3.5282,4.6872
3.5306,4.6872
3.533,4.6872
3.5354,4.6872
3.5378,4.6872
3.5401,4.6872
3.5425,4.6872
3.5449,4.6921
3.5473,4.6872
3.5497,4.6872
3.552,4.6921
3.5544,4.6872
3.5568,4.6872
3.5592,4.6872
3.5616,4.6921
3.5639,4.6872
3.5663,4.6921
3.5687,4.6872
3.5711,4.6872
3.5735,4.6872
3.5758,4.6921
3.5782,4.6872
3.5806,4.6872
3.583,4.6921
3.5854,4.6921
3.5877,4.6921
3.5901,4.6921
3.5925,4.6921
3.5949,4.6872
3.5973,4.6921
3.5996,4.6921
3.602,4.6921
3.6044,4.6921
3.6068,4.6872
3.6092,4.6921
3.6115,4.6921
3.6139,4.6921
3.6163,4.6872
3.6187,4.6921
3.6211,4.6921
3.6234,4.6921
3.6258,4.6921
3.6282,4.697
3.6306,4.6921
3.633,4.697
3.6353,4.6921
3.6377,4.697
3.6401,4.697
3.6425,4.6921
3.6449,4.6921
3.6472,4.6921
3.6496,4.6921
3.652,4.697
3.6544,4.6921
3.6568,4.697
3.6591,4.6921
3.6615,4.697
3.6639,4.6921
3.6663,4.6921
3.6687,4.6921
3.671,4.6921
3.6734,4.697
3.6758,4.6921
3.6782,4.6921
3.6806,4.6921
3.6829,4.6921
3.6853,4.697
3.6877,4.6921
3.6901,4.697
3.6925,4.6872
3.6949,4.697
3.6972,4.6921
3.6996,4.6921
3.702,4.6921
3.7044,4.6921
3.7067,4.6921
3.7091,4.6921
3.7115,4.6921
3.7139,4.697
3.7163,4.6921
3.7186,4.6921
3.721,4.6921
3.7234,4.6921
3.7258,4.6921
3.7282,4.6921
3.7305,4.697
3.7329,4.6921
3.7353,4.697
3.7377,4.6921
3.7401,4.6921
3.7424,4.6921
3.7448,4.697
3.7472,4.697
3.7496,4.6921
3.752,4.697
3.7543,4.697
3.7567,4.6921
3.7591,4.6921
3.7615,4.6921
3.7639,4.6921
3.7662,4.697
3.7686,4.697
3.771,4.6921
3.7734,4.6921
3.7758,4.697
3.7781,4.697
3.7805,4.697
3.7829,4.6921
3.7853,4.6921
3.7877,4.697
3.79,4.697
3.7924,4.7019
3.7948,4.6921
3.7972,4.6921
3.7996,4.6921
3.8019,4.6921
3.8043,4.697
3.8067,4.6921
3.8091,4.697
3.8115,4.697
3.8138,4.6921
3.8162,4.697
3.8186,4.6921
3.821,4.6921
3.8234,4.6921
3.8257,4.6921
3.8281,4.6921
3.8305,4.6921
3.8329,4.6921
3.8353,4.6921
3.8376,4.6921
3.84,4.6921
3.8424,4.697
3.8448,4.697
3.8472,4.6921
3.8495,4.697
3.8519,4.697
3.8543,4.697
3.8567,4.6921
3.8591,4.6921
3.8614,4.6921
3.8638,4.6921
3.8662,4.697
3.8686,4.6921
3.871,4.6921
3.8733,4.697
3.8757,4.6921
3.8781,4.6921
3.8805,4.6921
3.8829,4.6921
3.8852,4.697
3.8876,4.6921
3.89,4.6921
3.8924,4.6921
3.8948,4.697
3.8971,4.6921
3.8995,4.6921
3.9019,4.697
3.9043,4.697
3.9067,4.697
3.909,4.6921
3.9114,4.6921
3.9138,4.6921
3.9162,4.6921
3.9186,4.697
3.9209,4.6921
3.9233,4.6921
3.9257,4.6921
3.9281,4.697
3.9305,4.697
3.9328,4.697
3.9352,4.697
3.9376,4.697
3.94,4.6921
3.9424,4.697
3.9447,4.6921
3.9471,4.697
3.9495,4.697
3.9519,4.6921
3.9543,4.6921
3.9566,4.697
3.959,4.6921
3.9614,4.6921
3.9638,4.6921
3.9662,4.6921
3.9685,4.6921
3.9709,4.697
3.9733,4.6921
3.9757,4.6921
3.9781,4.697
3.9804,4.6921
3.9828,4.6921
3.9852,4.6921
3.9876,4.6921
3.99,4.697
3.9923,4.6872
3.9947,4.6921
3.9971,4.6921
3.9995,4.697
4.0019,4.6921
4.0042,4.6921
4.0066,4.697
4.009,4.6921
4.0114,4.6921
4.0138,4.6921
4.0161,4.697
4.0185,4.6921
4.0209,4.697
4.0233,4.6921
4.0257,4.697
4.028,4.697
4.0304,4.6921
4.0328,4.6921
4.0352,4.697
4.0376,4.6921
4.0399,4.697
4.0423,4.697
4.0447,4.697
4.0471,4.697
4.0495,4.697
4.0518,4.697
4.0542,4.697
4.0566,4.697
4.059,4.697
4.0614,4.697
4.0637,4.6921
4.0661,4.7019
4.0685,4.697
4.0709,4.697
4.0733,4.7019
4.0756,4.697
4.078,4.697
4.0804,4.7019
4.0828,4.697
4.0852,4.697
4.0875,4.7019
4.0899,4.7019
4.0923,4.697
4.0947,4.7019
4.0971,4.697
4.0994,4.697
4.1018,4.7019
4.1042,4.7019
4.1066,4.697
4.109,4.7019
4.1113,4.7019
4.1137,4.7019
4.1161,4.7019
4.1185,4.7019
4.1209,4.7019
4.1232,4.7019
4.1256,4.7019
4.128,4.7019
4.1304,4.7067
4.1328,4.7019
4.1351,4.7019
4.1375,4.7019
4.1399,4.7019
4.1423,4.7019
4.1447,4.7019
4.147,4.7019
4.1494,4.7019
4.1518,4.7067
4.1542,4.7019
4.1566,4.7067
4.1589,4.7019
4.1613,4.7019
4.1637,4.7067
4.1661,4.7019
4.1685,4.7019
4.1708,4.7067
4.1732,4.7067
4.1756,4.7019
4.178,4.7067
4.1804,4.7067
4.1827,4.7067
4.1851,4.7067
4.1875,4.7067
4.1899,4.7019
4.1923,4.7019
4.1946,4.7067
4.197,4.7067
4.1994,4.7067
4.2018,4.7067
4.2042,4.7067
4.2065,4.7067
4.2089,4.7067
4.2113,4.7067
4.2137,4.7067
4.2161,4.7067
4.2184,4.7067
4.2208,4.7116
4.2232,4.7067
4.2256,4.7067
4.228,4.7116
4.2303,4.7116
4.2327,4.7165
4.2351,4.7116
4.2375,4.7116
4.2399,4.7116
4.2422,4.7116
4.2446,4.7116
4.247,4.7165
4.2494,4.7165
4.2518,4.7165
4.2541,4.7165
4.2565,4.7214
4.2589,4.7214
4.2613,4.7165
4.2637,4.7165
4.266,4.7214
4.2684,4.7214
4.2708,4.7214
4.2732,4.7165
4.2756,4.7214
4.2779,4.7214
4.2803,4.7214
4.2827,4.7263
4.2851,4.7263
4.2875,4.7263
4.2898,4.7263
4.2922,4.7263
4.2946,4.7214
4.297,4.7263
4.2994,4.7312
4.3017,4.7312
4.3041,4.7312
4.3065,4.7312
4.3089,4.7312
4.3113,4.7312
4.3136,4.7361
4.316,4.7361
4.3184,4.7361
4.3208,4.7361
4.3232,4.7361
4.3255,4.741
4.3279,4.741
4.3303,4.7361
4.3327,4.741
4.3351,4.741
4.3374,4.7458
4.3398,4.7458
4.3422,4.741
4.3446,4.7458
4.347,4.7458
4.3493,4.7458
4.3517,4.7458
4.3541,4.7507
4.3565,4.7507
4.3589,4.7458
4.3612,4.7458
4.3636,4.7458
4.366,4.7507
4.3684,4.7507
4.3708,4.7458
4.3731,4.7507
4.3755,4.7458
4.3779,4.7507
4.3803,4.7507
4.3827,4.7507
4.385,4.7556
4.3874,4.7507
4.3898,4.7507
4.3922,4.7556
4.3946,4.7556
4.3969,4.7507
4.3993,4.7556
4.4017,4.7556
4.4041,4.7556
4.4065,4.7556
4.4088,4.7556
4.4112,4.7556
4.4136,4.7507
4.416,4.7556
4.4184,4.7556
4.4207,4.7556
4.4231,4.7556
4.4255,4.7556
4.4279,4.7556
4.4303,4.7605
4.4326,4.7605
4.435,4.7605
4.4374,4.7605
4.4398,4.7605
4.4422,4.7556
4.4445,4.7556
4.4469,4.7605
4.4493,4.7654
4.4517,4.7605
4.4541,4.7605
4.4564,4.7605
4.4588,4.7605
4.4612,4.7605
4.4636,4.7605
4.466,4.7605
4.4683,4.7605
4.4707,4.7605
4.4731,4.7605
4.4755,4.7605
4.4779,4.7605
4.4803,4.7605
4.4826,4.7605
4.485,4.7605
4.4874,4.7605
4.4898,4.7605
4.4921,4.7605
4.4945,4.7605
4.4969,4.7654
4.4993,4.7654
4.5017,4.7703
4.504,4.7654
4.5064,4.7654
4.5088,4.7654
4.5112,4.7703
4.5136,4.7654
4.5159,4.7703
4.5183,4.7703
4.5207,4.7703
4.5231,4.7654
4.5255,4.7703
4.5278,4.7654
4.5302,4.7703
4.5326,4.7703
4.535,4.7703
4.5374,4.7703
4.5397,4.7703
4.5421,4.7703
4.5445,4.7703
4.5469,4.7752
4.5493,4.7752
4.5516,4.7752
4.554,4.7752
4.5564,4.7752
4.5588,4.7752
4.5612,4.7801
4.5635,4.7752
4.5659,4.7752
4.5683,4.7752
4.5707,4.7752
4.5731,4.7801
4.5754,4.7801
4.5778,4.7801
4.5802,4.7752
4.5826,4.7849
4.585,4.7801
4.5873,4.7801
4.5897,4.7801
4.5921,4.7801
4.5945,4.7801
4.5969,4.7849
4.5992,4.7801
4.6016,4.7801
4.604,4.7801
4.6064,4.7849
4.6088,4.7849
4.6111,4.7849
4.6135,4.7849
4.6159,4.7849
4.6183,4.7898
4.6207,4.7849
4.623,4.7947
4.6254,4.7849
4.6278,4.7849
4.6302,4.7849
4.6326,4.7849
4.6349,4.7898
4.6373,4.7898
4.6397,4.7898
4.6421,4.7898
4.6445,4.7947
4.6468,4.7947
4.6492,4.7898
4.6516,4.7947
4.654,4.7947
4.6564,4.7947
4.6587,4.7947
4.6611,4.7947
4.6635,4.7947
4.6659,4.7947
4.6683,4.7947
4.6706,4.7947
4.673,4.7947
4.6754,4.7947
4.6778,4.7947
4.6802,4.7996
4.6825,4.7996
4.6849,4.8045
4.6873,4.7947
4.6897,4.8045
4.6921,4.7947
4.6944,4.7996
4.6968,4.7996
4.6992,4.7996
4.7016,4.7996
4.704,4.7996
4.7063,4.8045
4.7087,4.7996
4.7111,4.7996
4.7135,4.7996
4.7159,4.7996
4.7182,4.7996
4.7206,4.7996
4.723,4.7996
4.7254,4.7996
4.7278,4.8045
4.7301,4.7996
4.7325,4.8045
4.7349,4.8045
4.7373,4.8045
4.7397,4.8045
4.742,4.7996
4.7444,4.8045
4.7468,4.7996
4.7492,4.8045
4.7516,4.7996
4.7539,4.8045
4.7563,4.8045
4.7587,4.8045
4.7611,4.8045
4.7635,4.8094
4.7658,4.8045
4.7682,4.8094
4.7706,4.8045
4.773,4.8094
4.7754,4.8045
4.7777,4.8094
4.7801,4.8094
4.7825,4.8094
4.7849,4.8094
4.7873,4.8094
4.7896,4.8094
4.792,4.8094
4.7944,4.8045
4.7968,4.8094
4.7992,4.8094
4.8015,4.8143
4.8039,4.8094
4.8063,4.8143
4.8087,4.8094
4.8111,4.8143
4.8134,4.8094
4.8158,4.8143
4.8182,4.8143
4.8206,4.8143
4.823,4.8143
4.8254,4.8143
4.8277,4.8143
4.8301,4.8143
4.8325,4.8143
4.8349,4.8192
4.8372,4.8143
4.8396,4.8192
4.842,4.8192
4.8444,4.8143
4.8468,4.8192
4.8491,4.8143
4.8515,4.8192
4.8539,4.8192
4.8563,4.8192
4.8587,4.824
4.861,4.8192
4.8634,4.8192
4.8658,4.824
4.8682,4.8192
4.8706,4.8192
4.8729,4.824
4.8753,4.8192
4.8777,4.824
4.8801,4.824
4.8825,4.824
4.8848,4.824
4.8872,4.824
4.8896,4.824
4.892,4.824
4.8944,4.824
4.8967,4.8289
4.8991,4.824
4.9015,4.8289
4.9039,4.824
4.9063,4.8289
4.9086,4.8289
4.911,4.8289
4.9134,4.8289
4.9158,4.8289
4.9182,4.824
4.9205,4.8289
4.9229,4.8289
4.9253,4.8289
4.9277,4.8289
4.9301,4.8289
4.9324,4.8338
4.9348,4.8338
4.9372,4.8289
4.9396,4.8338
4.942,4.8338
4.9443,4.8338
4.9467,4.8338
4.9491,4.8289
4.9515,4.8289
4.9539,4.8338
4.9562,4.8338
4.9586,4.8289
4.961,4.8338
4.9634,4.8338
4.9658,4.8338
4.9681,4.8338
4.9705,4.8387
4.9729,4.8387
4.9753,4.8338
4.9777,4.8387
4.98,4.8387
4.9824,4.8387
4.9848,4.8289
4.9872,4.8387
4.9896,4.8387
4.9919,4.8338
4.9943,4.8387
4.9967,4.8387
4.9991,4.8387
5.0015,4.8387
