 Sample   Time     Commanded Pos   Encoder 1 Pos   Encoder 2 Pos   Encoder 3 Pos   Control Effort

[    0    0.000            1000               0               0               0          4.8840;
     1    0.009            1000               8               0               0          0.5647;
     2    0.018            1000              26               0               0          0.4200;
     3    0.027            1000              48               1               0          0.8358;
     4    0.035            1000              74               2               1          0.9713;
     5    0.044            1000             105               6               3          0.3413;
     6    0.053            1000             137              10               7          0.1642;
     7    0.062            1000             167              18              14          0.6392;
     8    0.071            1000             194              28              24          0.7711;
     9    0.080            1000             221              42              38          0.4615;
    10    0.089            1000             245              59              55          0.3608;
    11    0.097            1000             266              80              76          0.6093;
    12    0.106            1000             284             104             100          0.8059;
    13    0.115            1000             302             132             128          0.6716;
    14    0.124            1000             320             163             157          0.2735;
    15    0.133            1000             336             197             191          0.6233;
    16    0.142            1000             352             234             227          0.8492;
    17    0.151            1000             369             273             265          0.6184;
    18    0.159            1000             388             313             306          0.2179;
    19    0.168            1000             407             355             349          0.5226;
    20    0.177            1000             426             398             392          0.6740;
    21    0.186            1000             447             441             433          0.5061;
    22    0.195            1000             471             484             477          0.1960;
    23    0.204            1000             495             526             520          0.4103;
    24    0.213            1000             519             568             560          0.5690;
    25    0.221            1000             544             608             600          0.2692;
    26    0.230            1000             572             647             641          0.0916;
    27    0.239            1000             599             684             675          0.1764;
    28    0.248            1000             627             719             711          0.2460;
    29    0.257            1000             655             752             746          0.2601;
    30    0.266            1000             683             782             774          0.1899;
    31    0.274            1000             713             811             803         -0.0470;
    32    0.283            1000             742             837             832         -0.0360;
    33    0.292            1000             769             861             854          0.1013;
    34    0.301            1000             797             883             876          0.0446;
    35    0.310            1000             823             903             897          0.0720;
    36    0.319            1000             848             921             913         -0.0934;
    37    0.328            1000             870             938             929          0.0891;
    38    0.336            1000             892             952             946          0.0244;
    39    0.345            1000             912             966             958         -0.0391;
    40    0.354            1000             930             977             969          0.0098;
    41    0.363            1000             947             988             981          0.1709;
    42    0.372            1000             962             997             990          0.1264;
    43    0.381            1000             976            1006             998          0.0409;
    44    0.390            1000             989            1014            1006          0.1227;
    45    0.398            1000            1000            1020            1014          0.0678;
    46    0.407            1000            1010            1026            1019          0.1667;
    47    0.416            1000            1020            1032            1025          0.1142;
    48    0.425            1000            1027            1037            1030          0.2295;
    49    0.434            1000            1034            1042            1034          0.1380;
    50    0.443            1000            1039            1046            1038          0.2143;
    51    0.452            1000            1043            1050            1042          0.2363;
    52    0.460            1000            1046            1053            1045          0.2460;
    53    0.469            1000            1048            1056            1048          0.2564;
    54    0.478            1000            1049            1058            1051          0.2827;
    55    0.487            1000            1049            1060            1053          0.3089;
    56    0.496            1000            1050            1062            1054          0.2937;
    57    0.505            1000            1049            1062            1055          0.5287;
    58    0.514            1000            1049            1063            1056          0.3071;
    59    0.522            1000            1049            1063            1056          0.3065;
    60    0.531            1000            1049            1062            1055          0.3059;
    61    0.540            1000            1049            1061            1055          0.3053;
    62    0.549            1000            1049            1059            1054          0.3040;
    63    0.558            1000            1049            1057            1052          0.0824;
    64    0.567            1000            1048            1055            1050          0.3040;
    65    0.576            1000            1048            1052            1048          0.3034;
    66    0.584            1000            1047            1049            1046          0.4274;
    67    0.593            1000            1047            1046            1043          0.3028;
    68    0.602            1000            1046            1042            1040          0.3034;
    69    0.611            1000            1046            1039            1037          0.3028;
    70    0.620            1000            1045            1035            1034          0.3168;
    71    0.629            1000            1044            1032            1031          0.3175;
    72    0.638            1000            1043            1029            1028          0.3181;
    73    0.646            1000            1042            1026            1026          0.3327;
    74    0.655            1000            1041            1023            1023          0.3187;
    75    0.664            1000            1040            1021            1021          0.3333;
    76    0.673            1000            1040            1018            1019          0.3059;
    77    0.682            1000            1038            1017            1017          0.3346;
    78    0.691            1000            1038            1015            1016          0.3071;
    79    0.699            1000            1037            1014            1015          0.3211;
    80    0.708            1000            1036            1014            1014          0.3217;
    81    0.717            1000            1035            1014            1014          0.3217;
    82    0.726            1000            1035            1014            1014          0.3223;
    83    0.735            1000            1034            1014            1014          0.3364;
    84    0.744            1000            1034            1015            1014          0.3089;
    85    0.753            1000            1034            1016            1015          0.3083;
    86    0.761            1000            1034            1018            1016          0.3077;
    87    0.770            1000            1034            1019            1017          0.3071;
    88    0.779            1000            1034            1021            1018          0.3065;
    89    0.788            1000            1034            1023            1020          0.3059;
    90    0.797            1000            1035            1025            1021          0.3040;
    91    0.806            1000            1035            1026            1023          0.3034;
    92    0.815            1000            1036            1029            1025          0.1917;
    93    0.823            1000            1036            1030            1026          0.2875;
    94    0.832            1000            1036            1032            1028          0.2863;
    95    0.841            1000            1036            1034            1029          0.2998;
    96    0.850            1000            1037            1036            1030          0.2851;
    97    0.859            1000            1037            1037            1032          0.2839;
    98    0.868            1000            1038            1038            1033          0.2967;
    99    0.877            1000            1038            1039            1034          0.2955;
   100    0.885            1000            1038            1040            1034          0.2943;
   101    0.894            1000            1038            1040            1034          0.2937;
   102    0.903            1000            1038            1040            1035          0.2930;
   103    0.912            1000            1039            1040            1035          0.2924;
   104    0.921            1000            1039            1040            1035          0.2918;
   105    0.930            1000            1039            1039            1034          0.2906;
   106    0.939            1000            1039            1038            1034          0.2900;
   107    0.947            1000            1038            1038            1033          0.2906;
   108    0.956            1000            1039            1036            1033          0.2894;
   109    0.965            1000            1038            1035            1032          0.2900;
   110    0.974            1000            1038            1034            1031          0.2894;
   111    0.983            1000            1038            1032            1030          0.2888;
   112    0.992            1000            1038            1031            1029          0.2882;
   113    1.001            1000            1037            1029            1027          0.3022;
   114    1.009            1000            1037            1028            1026          0.2882;
   115    1.018            1000            1036            1026            1025          0.3022;
   116    1.027            1000            1036            1025            1024          0.3028;
   117    1.036            1000            1035            1024            1023          0.3022;
   118    1.045            1000            1035            1023            1022          0.2882;
   119    1.054            1000            1035            1022            1022          0.2882;
   120    1.063            1000            1034            1021            1021          0.5092;
   121    1.071            1000            1034            1021            1021          0.2882;
   122    1.080            1000            1034            1021            1020          0.2875;
   123    1.089            1000            1034            1021            1020          0.2869;
   124    1.098            1000            1034            1021            1020          0.2863;
   125    1.107            1000            1034            1021            1020          0.2857;
   126    1.116            1000            1033            1021            1020          0.2863;
   127    1.124            1000            1034            1022            1021          0.2851;
   128    1.133            1000            1033            1022            1021          0.5067;
   129    1.142            1000            1034            1023            1022          0.2839;
   130    1.151            1000            1034            1024            1022          0.2833;
   131    1.160            1000            1034            1025            1023          0.2827;
   132    1.169            1000            1034            1026            1024          0.2827;
   133    1.178            1000            1034            1027            1024          0.2821;
   134    1.186            1000            1034            1028            1025          0.2814;
   135    1.195            1000            1034            1029            1026          0.2808;
   136    1.204            1000            1035            1030            1026          0.2796;
   137    1.213            1000            1035            1031            1027          0.2784;
   138    1.222            1000            1035            1032            1028          0.2784;
   139    1.231            1000            1035            1032            1028          0.2778;
   140    1.240            1000            1035            1033            1029          0.2772;
   141    1.248            1000            1035            1033            1029          0.2766;
   142    1.257            1000            1035            1033            1029          0.2759;
   143    1.266            1000            1035            1033            1029          0.2753;
   144    1.275            1000            1035            1033            1029          0.2747;
   145    1.284            1000            1036            1033            1029          0.1636;
   146    1.293            1000            1035            1033            1029          0.4951;
   147    1.302            1000            1036            1032            1028          0.0513;
   148    1.310            1000            1036            1031            1028          0.2717;
   149    1.319            1000            1035            1031            1028          0.4933;
   150    1.328            1000            1035            1030            1027          0.2717;
   151    1.337            1000            1036            1029            1026          0.0495;
   152    1.346            1000            1035            1028            1026          0.4915;
   153    1.355            1000            1035            1028            1026          0.2705;
   154    1.364            1000            1034            1027            1025          0.2845;
   155    1.372            1000            1034            1026            1025          0.2705;
   156    1.381            1000            1034            1025            1024          0.2698;
   157    1.390            1000            1033            1025            1024          0.4915;
   158    1.399            1000            1033            1024            1023          0.2698;
   159    1.408            1000            1033            1024            1023          0.2692;
   160    1.417            1000            1033            1023            1022          0.2692;
   161    1.426            1000            1032            1023            1022          0.2698;
   162    1.434            1000            1032            1023            1022          0.2692;
   163    1.443            1000            1032            1022            1022          0.2686;
   164    1.452            1000            1032            1022            1022          0.2680;
   165    1.461            1000            1032            1023            1022          0.2680;
   166    1.470            1000            1032            1023            1022          0.2674;
   167    1.479            1000            1032            1023            1022          0.2668;
   168    1.488            1000            1032            1023            1022          0.2662;
   169    1.496            1000            1032            1024            1022          0.2662;
   170    1.505            1000            1031            1024            1022          0.4872;
   171    1.514            1000            1032            1025            1023          0.2650;
   172    1.523            1000            1032            1025            1023          0.2643;
   173    1.532            1000            1032            1026            1023          0.2637;
   174    1.541            1000            1032            1026            1024          0.2637;
   175    1.549            1000            1032            1026            1024          0.2631;
   176    1.558            1000            1032            1027            1024          0.2625;
   177    1.567            1000            1032            1027            1025          0.2619;
   178    1.576            1000            1032            1027            1025          0.2619;
   179    1.585            1000            1032            1028            1025          0.2613;
   180    1.594            1000            1032            1028            1025          0.2607;
   181    1.603            1000            1032            1028            1025          0.2601;
   182    1.611            1000            1032            1028            1025          0.2595;
   183    1.620            1000            1032            1028            1025          0.2595;
   184    1.629            1000            1032            1028            1025          0.2589;
   185    1.638            1000            1032            1028            1025          0.2582;
   186    1.647            1000            1032            1028            1025          0.2576;
   187    1.656            1000            1032            1028            1025          0.2570;
   188    1.665            1000            1032            1027            1025          0.2570;
   189    1.673            1000            1032            1027            1025          0.2564;
   190    1.682            1000            1032            1027            1025          0.2558;
   191    1.691            1000            1032            1026            1024          0.2552;
   192    1.700            1000            1032            1026            1024          0.2552;
   193    1.709            1000            1032            1025            1024          0.0336;
   194    1.718            1000            1032            1025            1023          0.2540;
   195    1.727            1000            1032            1024            1023          0.2534;
   196    1.735            1000            1032            1024            1023          0.2527;
   197    1.744            1000            1032            1024            1022          0.2527;
   198    1.753            1000            1031            1023            1022          0.4744;
   199    1.762            1000            1031            1023            1022          0.2527;
   200    1.771            1000            1032            1023            1022          0.0305;
   201    1.780            1000            1031            1023            1022          0.4725;
   202    1.789            1000            1031            1023            1022          0.2515;
   203    1.797            1000            1031            1023            1022          0.2509;
   204    1.806            1000            1031            1023            1022          0.2503;
   205    1.815            1000            1030            1023            1022          0.4719;
   206    1.824            1000            1030            1023            1022          0.2509;
   207    1.833            1000            1030            1024            1022          0.2503;
   208    1.842            1000            1030            1024            1022          0.2497;
   209    1.851            1000            1030            1024            1023          0.2491;
   210    1.859            1000            1030            1025            1023          0.2491;
   211    1.868            1000            1030            1025            1023          0.2485;
   212    1.877            1000            1030            1025            1023          0.2479;
   213    1.886            1000            1030            1025            1023          0.2473;
   214    1.895            1000            1030            1025            1024          0.2473;
   215    1.904            1000            1030            1026            1024          0.2466;
   216    1.913            1000            1030            1026            1024          0.2460;
   217    1.921            1000            1030            1026            1024          0.2454;
   218    1.930            1000            1030            1026            1024          0.2454;
   219    1.939            1000            1030            1026            1024          0.2448;
   220    1.948            1000            1030            1026            1024          0.2442;
   221    1.957            1000            1030            1026            1024          0.2436;
   222    1.966            1000            1030            1026            1024          0.2436;
   223    1.974            1000            1030            1025            1024          0.2430;
   224    1.983            1000            1030            1025            1023          0.2424;
   225    1.992            1000            1030            1025            1023          0.2418;
   226    2.001            1000            1030            1025            1023          0.2418;
   227    2.010            1000            1030            1024            1023          0.2411;
   228    2.019            1000            1029            1024            1023          0.2411;
   229    2.028            1000            1029            1024            1023          0.2411;
   230    2.036            1000            1029            1024            1022          0.2405;
   231    2.045            1000            1029            1023            1022          0.2399;
   232    2.054            1000            1029            1023            1022          0.2399;
   233    2.063            1000            1029            1023            1022          0.2534;
   234    2.072            1000            1029            1023            1022          0.2387;
   235    2.081            1000            1029            1023            1022          0.2387;
   236    2.090            1000            1029            1023            1022          0.2381;
   237    2.098            1000            1029            1023            1022          0.2381;
   238    2.107            1000            1029            1023            1022          0.2375;
   239    2.116            1000            1029            1023            1022          0.2369;
   240    2.125            1000            1028            1023            1022          0.2375;
   241    2.134            1000            1028            1023            1022          0.2369;
   242    2.143            1000            1028            1023            1022          0.2363;
   243    2.152            1000            1028            1023            1022          0.2503;
   244    2.160            1000            1028            1023            1022          0.2357;
   245    2.169            1000            1028            1023            1022          0.2357;
   246    2.178            1000            1028            1023            1022          0.2350;
   247    2.187            1000            1028            1023            1022          0.2350;
   248    2.196            1000            1028            1023            1022          0.2344;
   249    2.205            1000            1028            1023            1022          0.2344;
   250    2.214            1000            1028            1023            1022          0.2479;
   251    2.222            1000            1028            1023            1022          0.2338;
   252    2.231            1000            1028            1024            1022          0.2332;
   253    2.240            1000            1028            1024            1022          0.2326;
   254    2.249            1000            1028            1024            1022          0.2326;
   255    2.258            1000            1028            1024            1022          0.2320;
   256    2.267            1000            1028            1024            1022          0.2314;
   257    2.276            1000            1028            1024            1022          0.2314;
   258    2.284            1000            1028            1024            1022          0.2308;
   259    2.293            1000            1028            1024            1022          0.2302;
   260    2.302            1000            1028            1023            1022          0.2302;
   261    2.311            1000            1028            1023            1022          0.2295;
   262    2.320            1000            1028            1023            1022          0.2289;
   263    2.329            1000            1028            1023            1022          0.2289;
   264    2.338            1000            1028            1023            1022          0.2283;
   265    2.346            1000            1028            1023            1022          0.2277;
   266    2.355            1000            1028            1023            1022          0.2277;
   267    2.364            1000            1028            1023            1022          0.2271;
   268    2.373            1000            1028            1023            1022          0.2265;
   269    2.382            1000            1028            1023            1022          0.2265;
   270    2.391            1000            1028            1023            1022          0.2259;
   271    2.399            1000            1028            1022            1022          0.2253;
   272    2.408            1000            1028            1022            1022          0.2253;
   273    2.417            1000            1027            1022            1022          0.2387;
   274    2.426            1000            1027            1022            1022          0.2247;
   275    2.435            1000            1027            1022            1022          0.2241;
   276    2.444            1000            1027            1022            1022          0.2234;
   277    2.453            1000            1027            1022            1022          0.2234;
   278    2.461            1000            1027            1022            1022          0.2228;
   279    2.470            1000            1027            1022            1022          0.2228;
   280    2.479            1000            1027            1022            1022          0.2222;
   281    2.488            1000            1027            1022            1022          0.2216;
   282    2.497            1000            1027            1022            1022          0.2216;
   283    2.506            1000            1027            1022            1022          0.2210;
   284    2.515            1000            1027            1022            1022          0.2210;
   285    2.523            1000            1027            1022            1022          0.2204;
   286    2.532            1000            1027            1022            1022          0.2198;
   287    2.541            1000            1027            1022            1022          0.2198;
   288    2.550            1000            1027            1022            1022          0.2192;
   289    2.559            1000            1027            1022            1022          0.2186;
   290    2.568            1000            1027            1022            1022          0.2186;
   291    2.577            1000            1027            1022            1022          0.2179;
   292    2.585            1000            1027            1022            1022          0.2179;
   293    2.594            1000            1027            1022            1022         -0.0037;
   294    2.603            1000            1026            1022            1022          0.4389;
   295    2.612            1000            1027            1022            1022         -0.0043;
   296    2.621            1000            1027            1022            1022          0.2161;
   297    2.630            1000            1026            1022            1022          0.4377;
   298    2.639            1000            1026            1022            1022          0.2161;
   299    2.647            1000            1027            1022            1022         -0.0061;
   300    2.656            1000            1027            1022            1022          0.2143;
   301    2.665            1000            1026            1022            1022          0.4359;
   302    2.674            1000            1026            1022            1022          0.2149;
   303    2.683            1000            1026            1022            1021          0.2143;
   304    2.692            1000            1026            1022            1021          0.2143;
   305    2.701            1000            1026            1022            1021          0.2137;
   306    2.709            1000            1026            1022            1021          0.2131;
   307    2.718            1000            1026            1022            1021          0.2131;
   308    2.727            1000            1026            1022            1021          0.0885;
   309    2.736            1000            1026            1022            1021         -0.0085;
   310    2.745            1000            1025            1022            1021          0.2131;
   311    2.754            1000            1025            1022            1021          0.2125;
   312    2.763            1000            1025            1021            1021          0.2118;
   313    2.771            1000            1025            1021            1021          0.4328;
   314    2.780            1000            1025            1021            1021          0.2112;
   315    2.789            1000            1026            1021            1021          0.2100;
   316    2.798            1000            1025            1021            1021          0.4316;
   317    2.807            1000            1025            1021            1021          0.2100;
   318    2.816            1000            1025            1021            1021          0.2100;
   319    2.824            1000            1025            1021            1021          0.2094;
   320    2.833            1000            1025            1021            1021          0.2088;
   321    2.842            1000            1025            1021            1020          0.2088;
   322    2.851            1000            1025            1021            1020          0.2082;
   323    2.860            1000            1025            1021            1020          0.2082;
   324    2.869            1000            1024            1021            1020          0.2082;
   325    2.878            1000            1024            1021            1020          0.2082;
   326    2.886            1000            1024            1021            1020          0.2076;
   327    2.895            1000            1024            1021            1020          0.2216;
   328    2.904            1000            1024            1020            1020          0.2076;
   329    2.913            1000            1024            1020            1020          0.2210;
   330    2.922            1000            1024            1020            1020          0.2070;
   331    2.931            1000            1024            1020            1020          0.2070;
   332    2.940            1000            1024            1020            1020          0.2063;
   333    2.948            1000            1024            1020            1020          0.2063;
   334    2.957            1000            1024            1020            1020          0.2057;
   335    2.966            1000            1024            1020            1020          0.2051;
   336    2.975            1000            1024            1020            1020          0.2051;
   337    2.984            1000            1024            1020            1020          0.2045;
   338    2.993            1000            1024            1020            1020          0.2045;
   339    3.002               0            1024            1020            1020         -4.8840;
   340    3.010               0            1016            1020            1020         -0.3407;
   341    3.019               0             999            1020            1020         -0.3632;
   342    3.028               0             978            1019            1019         -0.8358;
   343    3.037               0             951            1018            1018         -0.6398;
   344    3.046               0             920            1014            1016          0.0189;
   345    3.055               0             886            1010            1011          0.1001;
   346    3.064               0             855            1002            1004         -0.3730;
   347    3.072               0             824             991             993         -0.2943;
   348    3.081               0             793             978             980          0.0476;
   349    3.090               0             764             960             961         -0.0678;
   350    3.099               0             739             939             940         -0.4774;
   351    3.108               0             716             913             915         -0.3639;
   352    3.117               0             692             884             886         -0.0006;
   353    3.126               0             670             851             854         -0.0263;
   354    3.134               0             650             814             816         -0.3999;
   355    3.143               0             631             774             776         -0.4145;
   356    3.152               0             610             731             734          0.0433;
   357    3.161               0             590             686             689         -0.2314;
   358    3.170               0             570             639             642         -0.3822;
   359    3.179               0             548             591             594         -0.1996;
   360    3.188               0             523             542             546          0.0696;
   361    3.196               0             499             493             495         -0.1300;
   362    3.205               0             474             444             447         -0.1349;
   363    3.214               0             446             395             399          0.1667;
   364    3.223               0             417             348             351          0.3046;
   365    3.232               0             388             303             305          0.2918;
   366    3.241               0             357             259             262          0.1984;
   367    3.249               0             325             218             220          0.1758;
   368    3.258               0             292             178             181          0.3346;
   369    3.267               0             257             141             145          0.4396;
   370    3.276               0             223             107             111          0.4902;
   371    3.285               0             190              75              79          0.4707;
   372    3.294               0             159              46              51          0.3388;
   373    3.303               0             128              18              23          0.4689;
   374    3.311               0             100              -6              -2          0.5006;
   375    3.320               0              74             -28             -23          0.4890;
   376    3.329               0              50             -48             -44          0.3364;
   377    3.338               0              28             -66             -62          0.3755;
   378    3.347               0               7             -82             -77          0.3993;
   379    3.356               0             -11             -96             -91          0.2967;
   380    3.365               0             -27            -108            -103          0.1087;
   381    3.373               0             -42            -118            -113          0.4304;
   382    3.382               0             -55            -127            -122          0.3083;
   383    3.391               0             -66            -134            -129          0.2253;
   384    3.400               0             -75            -139            -134          0.0153;
   385    3.409               0             -82            -143            -138          0.0940;
   386    3.418               0             -90            -146            -140          0.4774;
   387    3.427               0             -95            -147            -142          0.2228;
   388    3.435               0             -99            -146            -143          0.0488;
   389    3.444               0            -100            -146            -143          0.1074;
   390    3.453               0            -101            -143            -140          0.0543;
   391    3.462               0            -102            -140            -138          0.0574;
   392    3.471               0            -102            -136            -135          0.0586;
   393    3.480               0            -100            -131            -131         -0.1630;
   394    3.489               0             -99            -126            -127         -0.0116;
   395    3.497               0             -96            -120            -121         -0.0952;
   396    3.506               0             -94            -114            -115         -0.0275;
   397    3.515               0             -92            -107            -109         -0.0427;
   398    3.524               0             -90            -100            -102          0.0116;
   399    3.533               0             -88             -93             -95          0.0238;
   400    3.542               0             -85             -85             -88         -0.0049;
   401    3.551               0             -83             -78             -80         -0.0208;
   402    3.559               0             -80             -71             -73         -0.0232;
   403    3.568               0             -77             -64             -66         -0.0110;
   404    3.577               0             -74             -57             -59         -0.0409;
   405    3.586               0             -72             -51             -53          0.0397;
   406    3.595               0             -68             -45             -47         -0.0733;
   407    3.604               0             -66             -40             -42         -0.0067;
   408    3.613               0             -62             -35             -38         -0.0647;
   409    3.621               0             -59             -31             -33         -0.0403;
   410    3.630               0             -56             -28             -30         -0.0574;
   411    3.639               0             -53             -25             -27         -0.0458;
   412    3.648               0             -50             -22             -24         -0.0488;
   413    3.657               0             -47             -21             -23         -0.0372;
   414    3.666               0             -44             -19             -21         -0.1227;
   415    3.674               0             -42             -19             -21         -0.0281;
   416    3.683               0             -40             -18             -20         -0.0440;
   417    3.692               0             -39             -19             -20         -0.0171;
   418    3.701               0             -38             -19             -21         -0.0177;
   419    3.710               0             -37             -21             -22         -0.0177;
   420    3.719               0             -37             -22             -22         -0.0043;
   421    3.728               0             -37             -24             -24          0.0098;
   422    3.736               0             -38             -26             -25          0.0122;
   423    3.745               0             -38             -28             -27          0.0128;
   424    3.754               0             -39             -30             -29          0.0281;
   425    3.763               0             -39             -33             -31          0.0153;
   426    3.772               0             -40             -35             -33          0.0305;
   427    3.781               0             -41             -38             -35          0.0317;
   428    3.790               0             -41             -40             -38          0.0324;
   429    3.798               0             -41             -43             -40         -0.1044;
   430    3.807               0             -42             -45             -42          0.0214;
   431    3.816               0             -42             -47             -44          0.0220;
   432    3.825               0             -43             -49             -46          0.0379;
   433    3.834               0             -43             -51             -47          0.0250;
   434    3.843               0             -44             -52             -48          0.0397;
   435    3.852               0             -44             -54             -50          0.0409;
   436    3.860               0             -45             -54             -51          0.0281;
   437    3.869               0             -45             -55             -51          0.0287;
   438    3.878               0             -45             -55             -52          0.0433;
   439    3.887               0             -45             -54             -52          0.0446;
   440    3.896               0             -45             -54             -52          0.0317;
   441    3.905               0             -46             -54             -52          0.0324;
   442    3.914               0             -46             -52             -50          0.0330;
   443    3.922               0             -46             -51             -49          0.0336;
   444    3.931               0             -44             -50             -48          0.0330;
   445    3.940               0             -44             -48             -47          0.0336;
   446    3.949               0             -44             -46             -46          0.0342;
   447    3.958               0             -44             -45             -44          0.0348;
   448    3.967               0             -43             -43             -43          0.0348;
   449    3.976               0             -43             -41             -41          0.0348;
   450    3.984               0             -43             -39             -40         -0.0757;
   451    3.993               0             -42             -37             -38          0.0208;
   452    4.002               0             -42             -36             -37          0.0348;
   453    4.011               0             -41             -34             -35          0.0354;
   454    4.020               0             -41             -33             -34          0.0214;
   455    4.029               0             -40             -32             -33          0.0208;
   456    4.038               0             -40             -30             -32          0.0348;
   457    4.046               0             -40             -30             -31          0.0354;
   458    4.055               0             -39             -29             -31          0.0220;
   459    4.064               0             -39             -29             -31          0.0360;
   460    4.073               0             -39             -29             -30          0.0360;
   461    4.082               0             -38             -29             -30          0.0360;
   462    4.091               0             -38             -29             -30          0.0226;
   463    4.099               0             -38             -30             -31          0.0226;
   464    4.108               0             -38             -30             -31          0.0372;
   465    4.117               0             -38             -31             -32          0.0379;
   466    4.126               0             -38             -32             -32          0.0379;
   467    4.135               0             -38             -33             -33         -0.1819;
   468    4.144               0             -39             -34             -34          0.2619;
   469    4.153               0             -38             -36             -35         -0.1807;
   470    4.161               0             -38             -37             -36          0.0409;
   471    4.170               0             -39             -38             -37          0.0427;
   472    4.179               0             -39             -39             -38          0.0433;
   473    4.188               0             -39             -40             -39          0.0433;
   474    4.197               0             -39             -42             -39          0.0440;
   475    4.206               0             -40             -43             -40          0.2668;
   476    4.215               0             -40             -43             -41          0.0464;
   477    4.223               0             -40             -44             -41          0.0470;
   478    4.232               0             -40             -44             -42          0.0476;
   479    4.241               0             -40             -45             -42          0.0482;
   480    4.250               0             -40             -45             -43          0.0488;
   481    4.259               0             -40             -45             -43          0.0495;
   482    4.268               0             -40             -44             -43         -0.1709;
   483    4.277               0             -40             -44             -43          0.0507;
   484    4.285               0             -40             -43             -43          0.0513;
   485    4.294               0             -40             -43             -41          0.0519;
   486    4.303               0             -40             -42             -41          0.0525;
   487    4.312               0             -40             -41             -40          0.0531;
   488    4.321               0             -39             -40             -39          0.0525;
   489    4.330               0             -39             -39             -39          0.0525;
   490    4.339               0             -39             -38             -38          0.0531;
   491    4.347               0             -39             -37             -38          0.0537;
   492    4.356               0             -39             -36             -37         -0.0568;
   493    4.365               0             -38             -35             -36          0.0537;
   494    4.374               0             -38             -34             -35          0.0543;
   495    4.383               0             -38             -34             -35          0.0549;
   496    4.392               0             -38             -33             -34          0.0556;
   497    4.401               0             -37             -32             -34          0.0556;
   498    4.409               0             -37             -32             -33          0.0556;
   499    4.418               0             -37             -31             -33          0.0556;
   500    4.427               0             -36             -31             -32          0.0556;
   501    4.436               0             -36             -31             -32          0.0421;
   502    4.445               0             -36             -31             -32          0.0421;
   503    4.454               0             -36             -31             -32          0.0562;
   504    4.463               0             -36             -31             -32          0.0568;
   505    4.471               0             -36             -31             -32          0.0574;
   506    4.480               0             -36             -32             -32          0.0580;
   507    4.489               0             -36             -32             -33          0.0580;
   508    4.498               0             -35             -33             -33          0.0586;
   509    4.507               0             -35             -33             -34          0.0452;
   510    4.516               0             -35             -34             -34          0.0592;
   511    4.524               0             -35             -35             -34          0.0598;
   512    4.533               0             -35             -35             -35         -0.1606;
   513    4.542               0             -36             -36             -35          0.2827;
   514    4.551               0             -36             -37             -36          0.0623;
   515    4.560               0             -35             -37             -36         -0.1593;
   516    4.569               0             -36             -38             -36          0.2845;
   517    4.578               0             -36             -38             -37          0.0641;
   518    4.586               0             -36             -39             -37          0.0641;
   519    4.595               0             -35             -39             -37         -0.1575;
   520    4.604               0             -35             -39             -38          0.0641;
   521    4.613               0             -36             -39             -38          0.0659;
   522    4.622               0             -36             -39             -38          0.0665;
   523    4.631               0             -36             -39             -38          0.0672;
   524    4.640               0             -35             -37             -38          0.0665;
   525    4.648               0             -36             -37             -36          0.2888;
   526    4.657               0             -36             -37             -36          0.0684;
   527    4.666               0             -35             -36             -36         -0.1532;
   528    4.675               0             -35             -36             -35          0.0684;
   529    4.684               0             -35             -35             -35          0.0690;
   530    4.693               0             -35             -34             -35          0.0690;
   531    4.702               0             -35             -34             -34          0.0696;
   532    4.710               0             -34             -33             -34          0.0690;
   533    4.719               0             -34             -33             -34          0.0696;
   534    4.728               0             -34             -32             -33          0.0702;
   535    4.737               0             -34             -32             -33          0.0708;
   536    4.746               0             -33             -31             -33          0.0696;
   537    4.755               0             -33             -31             -32          0.0702;
   538    4.764               0             -33             -31             -32          0.0708;
   539    4.772               0             -32             -30             -32          0.0702;
   540    4.781               0             -32             -30             -32          0.0708;
   541    4.790               0             -32             -30             -32          0.0708;
   542    4.799               0             -32             -30             -31          0.0714;
   543    4.808               0             -32             -30             -31          0.0720;
   544    4.817               0             -31             -30             -31          0.0714;
   545    4.826               0             -31             -30             -31          0.0580;
   546    4.834               0             -31             -30             -31          0.0720;
   547    4.843               0             -31             -30             -31          0.0720;
   548    4.852               0             -31             -30             -32          0.0586;
   549    4.861               0             -31             -30             -32          0.0726;
   550    4.870               0             -31             -31             -32          0.0733;
   551    4.879               0             -31             -31             -32          0.0739;
   552    4.888               0             -30             -31             -32          0.0739;
   553    4.896               0             -30             -31             -32          0.0745;
   554    4.905               0             -30             -31             -32          0.0745;
   555    4.914               0             -30             -31             -32          0.0751;
   556    4.923               0             -30             -32             -32          0.0751;
   557    4.932               0             -30             -32             -32          0.0757;
   558    4.941               0             -30             -32             -32          0.0757;
   559    4.949               0             -30             -32             -32          0.0757;
   560    4.958               0             -30             -32             -32          0.0763;
   561    4.967               0             -30             -32             -32          0.0769;
   562    4.976               0             -30             -33             -32          0.0775;
   563    4.985               0             -30             -31             -32          0.0775;
   564    4.994               0             -30             -31             -32          0.0781;
   565    5.003               0             -30             -31             -32          0.0788;
   566    5.011               0             -30             -31             -32          0.0788;
   567    5.020               0             -30             -31             -32          0.0653;
   568    5.029               0             -29             -31             -32          0.0659;
   569    5.038               0             -29             -30             -32          0.0659;
   570    5.047               0             -29             -30             -31          0.0665;
   571    5.056               0             -29             -30             -31          0.0806;
   572    5.065               0             -28             -30             -31          0.0800;
   573    5.073               0             -29             -29             -31          0.0812;
   574    5.082               0             -28             -29             -31         -0.1404;
   575    5.091               0             -28             -29             -31          0.0806;
   576    5.100               0             -29             -29             -30          0.3034;
   577    5.109               0             -28             -29             -30         -0.1392;
   578    5.118               0             -28             -28             -30          0.0818;
   579    5.127               0             -28             -28             -30          0.0824;
   580    5.135               0             -28             -28             -30          0.1935;
   581    5.144               0             -27             -28             -30          0.0824;
   582    5.153               0             -27             -28             -30          0.0824;
   583    5.162               0             -27             -28             -30          0.0830;
   584    5.171               0             -26             -28             -30          0.0818;
   585    5.180               0             -26             -28             -29          0.0824;
   586    5.189               0             -26             -27             -29          0.0830;
   587    5.197               0             -26             -27             -29          0.0830;
   588    5.206               0             -26             -27             -29          0.0836;
   589    5.215               0             -26             -27             -29          0.0836;
   590    5.224               0             -26             -27             -29          0.0842;
   591    5.233               0             -26             -27             -29          0.0849;
   592    5.242               0             -25             -27             -29          0.0836;
   593    5.251               0             -26             -27             -29          0.3065;
   594    5.259               0             -26             -27             -29          0.0855;
   595    5.268               0             -25             -27             -28          0.0849;
   596    5.277               0             -26             -27             -28          0.3071;
   597    5.286               0             -26             -26             -28          0.0867;
   598    5.295               0             -25             -26             -28         -0.1349;
   599    5.304               0             -25             -26             -28          0.0861;
   600    5.313               0             -26             -26             -28          0.3089;
   601    5.321               0             -25             -26             -28          0.0873;
   602    5.330               0             -25             -26             -28         -0.0238;
   603    5.339               0             -24             -26             -28          0.0867;
   604    5.348               0             -24             -26             -28          0.0867;
   605    5.357               0             -24             -26             -28          0.0873;
   606    5.366               0             -24             -26             -28          0.0873;
   607    5.374               0             -24             -26             -28          0.0879;
   608    5.383               0             -24             -26             -28          0.3089;
   609    5.392               0             -23             -26             -28         -0.1337;
   610    5.401               0             -23             -26             -27          0.0879;
   611    5.410               0             -23             -25             -27          0.0879;
   612    5.419               0             -23             -25             -27          0.0885;
   613    5.428               0             -23             -25             -27          0.0885;
   614    5.436               0             -23             -25             -27          0.0891;
   615    5.445               0             -23             -25             -27          0.0891;
   616    5.454               0             -22             -25             -27          0.0885;
   617    5.463               0             -22             -24             -26          0.0891;
   618    5.472               0             -22             -24             -26          0.0891;
   619    5.481               0             -22             -24             -26          0.0897;
   620    5.490               0             -22             -24             -26          0.0897;
   621    5.498               0             -22             -23             -26          0.0904;
   622    5.507               0             -22             -23             -25          0.0904;
   623    5.516               0             -22             -23             -25          0.0910;
   624    5.525               0             -21             -23             -25          0.0897;
   625    5.534               0             -21             -23             -25          0.0904;
   626    5.543               0             -21             -22             -24          0.0904;
   627    5.552               0             -21             -22             -24          0.0910;
   628    5.560               0             -21             -22             -24          0.0910;
   629    5.569               0             -21             -22             -24          0.0910;
   630    5.578               0             -21             -22             -24          0.0916;
   631    5.587               0             -20             -22             -24          0.0904;
   632    5.596               0             -20             -22             -24          0.0910;
   633    5.605               0             -20             -22             -24          0.0910;
   634    5.614               0             -20             -22             -23          0.0916;
   635    5.622               0             -20             -21             -23          0.0916;
   636    5.631               0             -20             -21             -23          0.0922;
   637    5.640               0             -20             -21             -23          0.0922;
   638    5.649               0             -20             -21             -23          0.0928;
   639    5.658               0             -20             -21             -23         -0.0183;
   640    5.667               0             -19             -21             -23          0.0922;
   641    5.676               0             -19             -21             -23          0.0922;
   642    5.684               0             -19             -21             -23          0.0928;
   643    5.693               0             -19             -21             -23          0.0928;
   644    5.702               0             -19             -21             -23          0.0928;
   645    5.711               0             -19             -21             -23          0.0934;
   646    5.720               0             -19             -21             -23          0.0934;
   647    5.729               0             -19             -21             -23          0.0940;
   648    5.738               0             -19             -21             -23          0.0940;
   649    5.746               0             -19             -21             -23          0.0946;
   650    5.755               0             -19             -21             -23          0.0946;
   651    5.764               0             -18             -21             -23         -0.1270;
   652    5.773               0             -19             -21             -23          0.3162;
   653    5.782               0             -19             -21             -23          0.0952;
   654    5.791               0             -19             -21             -23          0.0958;
   655    5.799               0             -19             -21             -23          0.0958;
   656    5.808               0             -18             -20             -23          0.0952;
   657    5.817               0             -19             -20             -22          0.0965;
   658    5.826               0             -18             -20             -22         -0.1252;
   659    5.835               0             -18             -20             -22          0.0958;
   660    5.844               0             -19             -20             -22          0.3181;
   661    5.853               0             -18             -20             -22         -0.1245;
   662    5.861               0             -18             -20             -22          0.0965;
   663    5.870               0             -18             -20             -22          0.0971;
   664    5.879               0             -18             -20             -22          0.0971;
   665    5.888               0             -18             -20             -22          0.0977;
   666    5.897               0             -18             -20             -22          0.0977;
   667    5.906               0             -18             -20             -22          0.0977;
   668    5.915               0             -17             -20             -22          0.0977;
   669    5.923               0             -17             -20             -22          0.0977;
   670    5.932               0             -17             -19             -22          0.0836;
   671    5.941               0             -16             -19             -22          0.0965;
   672    5.950               0             -17             -19             -22          0.0977;
   673    5.959               0             -17             -19             -21          0.0983;
   674    5.968               0             -17             -19             -21          0.0983;
   675    5.977               0             -17             -19             -21          0.0989;
   676    5.985               0             -17             -19             -21          0.0989]
